420 320 
419.487 330.117 
417.953 340.13 
415.414 349.936 
411.896 359.436 
407.435 368.53 
402.076 377.127 
395.876 385.137 
388.897 392.479 
381.211 399.078 
372.896 404.864 
364.039 409.78 
354.731 413.775 
345.065 416.808 
335.143 418.847 
325.065 419.872 
314.935 419.872 
304.857 418.847 
294.935 416.808 
285.269 413.775 
275.961 409.78 
267.104 404.864 
258.789 399.078 
251.103 392.479 
244.124 385.137 
237.924 377.127 
232.565 368.53 
228.104 359.436 
224.586 349.936 
222.047 340.13 
220.513 330.117 
220 320 
220.513 309.883 
222.047 299.87 
224.586 290.064 
228.104 280.564 
232.565 271.47 
237.924 262.873 
244.124 254.863 
251.103 247.521 
258.789 240.922 
267.104 235.136 
275.961 230.22 
285.269 226.225 
294.935 223.192 
304.857 221.153 
314.935 220.128 
325.065 220.128 
335.143 221.153 
345.065 223.192 
354.731 226.225 
364.039 230.22 
372.896 235.136 
381.211 240.922 
388.897 247.521 
395.876 254.863 
402.076 262.873 
407.435 271.47 
411.896 280.564 
415.414 290.064 
417.953 299.87 
419.487 309.883 
