1.9615128716925123 0.2 1000.0 100.0
1.714980295818619 0.4 1000.0 100.0
1.8076923076923077 0.8 1000.0 100.0
1.7555913813398842 1.6 1000.0 100.0
1.9193408055683505 3.2 1000.0 100.0
1.947975843185424 6.4 1000.0 100.0
1.8170709862326628 12.8 1000.0 100.0
3.4000204718767595 25.6 1000.0 100.0
2.023401914120477 11.0 1000.0 100.0
2.0413531910537897 12.0 1000.0 100.0
2.316712728389375 13.0 1000.0 100.0
2.2579072623982803 14.0 1000.0 100.0
2.2564998208710785 15.0 1000.0 100.0
2.5885152771380318 16.0 1000.0 100.0
2.5252827677977376 17.0 1000.0 100.0
2.6563155739802444 18.0 1000.0 100.0
2.7345821178156506 19.0 1000.0 100.0
2.6481140283535494 20.0 1000.0 100.0
2.969560878243513 22.0 1000.0 100.0
3.386573007830493 24.0 1000.0 100.0
3.4933338451302522 26.0 1000.0 100.0
3.672232458160602 28.0 1000.0 100.0
3.923729464148626 30.0 1000.0 100.0
4.495432212498081 32.0 1000.0 100.0
4.756103178258867 34.0 1000.0 100.0
4.840536874968013 36.0 1000.0 100.0
4.887903679819847 38.0 1000.0 100.0
4.990928399611034 40.0 1000.0 100.0
3.091957111418189 22.0 1000.0 100.0
3.5445135370285072 24.0 1000.0 100.0
3.9096550488766058 26.0 1000.0 100.0
3.017772148011669 22.0 1000.0 100.0
