0.9995393827729157 1.0 1.0 100.0
0.9530298377603766 2.0 1.0 100.0
0.9114335431700701 3.0 1.0 100.0
0.9796560724704437 4.0 1.0 100.0
0.8811351655663033 5.0 1.0 100.0
0.9863989968780388 6.0 1.0 100.0
0.9792722247812068 7.0 1.0 100.0
1.088911919750243 8.0 1.0 100.0
1.0859307026971698 9.0 1.0 100.0
1.0981754439838272 10.0 1.0 100.0
1.190733916781821 11.0 1.0 100.0
1.3138338707200983 12.0 1.0 100.0
1.3483033932135728 13.0 1.0 100.0
1.429563949025027 14.0 1.0 100.0
1.5814780695020216 15.0 1.0 100.0
1.6550232867598138 16.0 1.0 100.0
1.6123522186396437 17.0 1.0 100.0
1.8444905061671528 18.0 1.0 100.0
1.8240314243308255 19.0 1.0 100.0
2.0871462203797533 20.0 1.0 100.0
2.2096576078612005 21.0 1.0 100.0
2.217539280413532 22.0 1.0 100.0
2.4406571472439738 23.0 1.0 100.0
2.46276677414402 24.0 1.0 100.0
2.6003889656584267 25.0 1.0 100.0
2.4488075131787705 26.0 1.0 100.0
2.6914248426224474 27.0 1.0 100.0
2.8160729822406467 28.0 1.0 100.0
2.9261477045908184 29.0 1.0 100.0
3.102167459951891 30.0 1.0 100.0
3.27464302164901 31.0 1.0 100.0
3.473872767285941 32.0 1.0 100.0
3.1825707559240493 33.0 1.0 100.0
3.515238753262705 34.0 1.0 100.0
3.532294385587799 35.0 1.0 100.0
3.6722452530835765 36.0 1.0 100.0
3.742578944674753 37.0 1.0 100.0
3.5557346844771995 38.0 1.0 100.0
3.7897282358360203 39.0 1.0 100.0
3.88695685551973 40.0 1.0 100.0
0.7932724294999745 0.01 1.0 100.0
0.9258022416705052 0.02 1.0 100.0
0.8782307180510773 0.03 1.0 100.0
0.8825170172475562 0.04 1.0 100.0
0.9231025129228722 0.05 1.0 100.0
0.9631634167562311 0.06 1.0 100.0
0.8984211065049389 0.07 1.0 100.0
0.8885434259685757 0.08 1.0 100.0
0.8601642868109934 0.09 1.0 100.0
0.9558319258918061 0.1 1.0 100.0
0.8667664670658682 0.11 1.0 100.0
0.8588975894365116 0.12 1.0 100.0
0.936306873432622 0.13 1.0 100.0
0.8799324428066942 0.14 1.0 100.0
0.8922283637852501 0.15 1.0 100.0
0.9487307436409232 0.16 1.0 100.0
0.9768539843390143 0.17 1.0 100.0
0.9200061415630278 0.18 1.0 100.0
0.9822278519883311 0.19 1.0 100.0
0.8880316290495931 0.2 1.0 100.0
12.522813347663647 0.5 100.0 100.0
12.93066431240084 1.0 100.0 100.0
13.21585035058089 1.5 100.0 100.0
13.290611085521265 2.0 100.0 100.0
13.872895235170684 2.5 100.0 100.0
13.948628384257127 3.0 100.0 100.0
14.165092891140795 3.5 100.0 100.0
14.26174573929065 4.0 100.0 100.0
14.642036439940632 4.5 100.0 100.0
14.6781693024208 5.0 100.0 100.0
14.50159936537182 5.5 100.0 100.0
15.25 6.0 100.0 100.0
15.667114488970777 6.5 100.0 100.0
15.52313322073801 7.0 100.0 100.0
16.480666871385434 7.5 100.0 100.0
16.095347766006448 8.0 100.0 100.0
16.594413736629306 8.5 100.0 100.0
16.60899994882031 9.0 100.0 100.0
16.570755924049337 9.5 100.0 100.0
17.437407236808433 10.0 100.0 100.0
17.009237934387635 10.5 100.0 100.0
16.984582117815652 11.0 100.0 100.0
18.39071856287425 11.5 100.0 100.0
18.07999385843697 12.0 100.0 100.0
18.075989047545935 12.5 100.0 100.0
18.595104662469932 13.0 100.0 100.0
18.989085930702696 13.5 100.0 100.0
18.756832488868415 14.0 100.0 100.0
19.064921439172934 14.5 100.0 100.0
19.388338707200983 15.0 100.0 100.0
19.827025436306872 15.5 100.0 100.0
19.384218742003174 16.0 100.0 100.0
19.91392855315011 16.5 100.0 100.0
20.09035774604637 17.0 100.0 100.0
20.066763908081274 17.5 100.0 100.0
20.025423511950457 18.0 100.0 100.0
19.918432366037155 18.5 100.0 100.0
20.15156865755668 19.0 100.0 100.0
21.43770152003685 19.5 100.0 100.0
21.049183683914222 20.0 100.0 100.0
